5 3 3 3 3 3 3 3 3 3 3 3 3 7 5 3 3 3 3 3 3 3 3 3 3 3 3 7
4 1 1 1 1 1 1 1 1 1 1 1 1 4 4 1 1 1 1 1 1 1 1 1 1 1 1 4
4 1 5 3 3 7 1 5 3 3 3 7 1 4 4 1 5 3 3 3 7 1 5 3 3 7 1 4
4 2 4 0 0 4 1 4 0 0 0 4 1 4 4 1 4 0 0 0 4 1 4 0 0 4 2 4
4 1 6 3 3 8 1 6 3 3 3 8 1 6 8 1 6 3 3 3 8 1 6 3 3 8 1 4
4 1 1 1 1 1 1 1 1 1 1 1 1 1 1 1 1 1 1 1 1 1 1 1 1 1 1 4
4 1 5 3 3 7 1 5 7 1 5 3 3 3 3 3 3 7 1 5 7 1 5 3 3 7 1 4
4 1 6 3 3 8 1 4 4 1 6 3 3 7 5 3 3 8 1 4 4 1 6 3 3 8 1 4
4 1 1 1 1 1 1 4 4 1 1 1 1 4 4 1 1 1 1 4 4 1 1 1 1 1 1 4
6 3 3 3 3 7 1 4 6 3 3 7 0 4 4 0 5 3 3 8 4 1 5 3 3 3 3 8
0 0 0 0 0 4 1 4 5 3 3 8 0 6 8 0 6 3 3 7 4 1 4 0 0 0 0 0
0 0 0 0 0 4 1 4 4 0 0 0 0 0 0 0 0 0 0 4 4 1 4 0 0 0 0 0
0 0 0 0 0 4 1 4 4 0 5 3 3 9 9 3 3 7 0 4 4 1 4 0 0 0 0 0
3 3 3 3 3 8 1 6 8 0 4 0 0 0 0 0 0 4 0 6 8 1 6 3 3 3 3 3
0 0 0 0 0 0 1 0 0 0 4 0 0 0 0 0 0 4 0 0 0 1 0 0 0 0 0 0
3 3 3 3 3 7 1 5 7 0 4 0 0 0 0 0 0 4 0 5 7 1 5 3 3 3 3 3
0 0 0 0 0 4 1 4 4 0 6 3 3 3 3 3 3 8 0 4 4 1 4 0 0 0 0 0
0 0 0 0 0 4 1 4 4 0 0 0 0 0 0 0 0 0 0 4 4 1 4 0 0 0 0 0
0 0 0 0 0 4 1 4 4 0 5 3 3 3 3 3 3 7 0 4 4 1 4 0 0 0 0 0
5 3 3 3 3 8 1 6 8 0 6 3 3 7 5 3 3 8 0 6 8 1 6 3 3 3 3 7
4 1 1 1 1 1 1 1 1 1 1 1 1 4 4 1 1 1 1 1 1 1 1 1 1 1 1 4
4 1 5 3 3 7 1 5 3 3 3 7 1 4 4 1 5 3 3 3 7 1 5 3 3 7 1 4
4 1 6 3 7 4 1 6 3 3 3 8 1 6 8 1 6 3 3 3 8 1 4 5 3 8 1 4
4 2 1 1 4 4 1 1 1 1 1 1 1 1 1 1 1 1 1 1 1 1 4 4 1 1 2 4
6 3 7 1 4 4 1 5 7 1 5 3 3 3 3 3 3 7 1 5 7 1 4 4 1 5 3 8
5 3 8 1 6 8 1 4 4 1 6 3 3 7 5 3 3 8 1 4 4 1 6 8 1 6 3 7
4 1 1 1 1 1 1 4 4 1 1 1 1 4 4 1 1 1 1 4 4 1 1 1 1 1 1 4
4 1 5 3 3 3 3 8 6 3 3 7 1 4 4 1 5 3 3 8 6 3 3 3 3 7 1 4
4 1 6 3 3 3 3 3 3 3 3 8 1 6 8 1 6 3 3 3 3 3 3 3 3 8 1 4
4 1 1 1 1 1 1 1 1 1 1 1 1 1 1 1 1 1 1 1 1 1 1 1 1 1 1 4
6 3 3 3 3 3 3 3 3 3 3 3 3 3 3 3 3 3 3 3 3 3 3 3 3 3 3 8

