1 1 1 2 
1 2 1 3
1 3 1 4
1 5 1 6
1 6 2 6
1 7 1 6
1 8 1 7
1 9 1 1
1 10 1 9
1 11 1 10
1 12 1 11
1 15 1 16
1 16 1 17
1 17 1 18
1 18 1 19
1 19 1 20
1 20 1 21
1 21 2 21
1 22 1 21
1 23 1 22
1 24 1 23
1 25 1 24
1 26 1 25

2 1 3 1
2 6 3 6
2 12 3 12
2 15 3 15
2 21 3 21
2 26 3 26

3 1 4 1
3 6 4 6
3 12 4 12
3 15 4 15
3 21 4 21
3 26 4 26

4 1 5 1
4 6 5 6
4 12 5 12
4 15 5 15
4 21 5 21
4 26 5 26

5 1 5 2 
5 2 5 3
5 3 5 4
5 4 5 5
5 5 5 6
5 6 5 7
5 7 5 8
5 8 5 9
5 9 6 9
5 10 5 9
5 11 5 10
5 12 5 11
5 13 5 12
5 14 5 15
5 15 5 16
5 16 5 17
5 17 5 18
5 18 6 18
5 19 5 18
5 20 5 19
5 21 5 20
5 22 5 21
5 23 5 22
5 24 5 23
5 25 5 24
5 26 5 25

6 1 7 1
6 6 7 6
6 9 7 9
6 18 7 18
6 21 7 21
6 26 7 26

7 1 8 1
7 6 8 6
7 9 8 9
7 18 8 18
7 21 8 21
7 26 8 26

8 1 8 2 
8 2 8 3
8 3 8 4
8 4 8 5
8 5 8 6
8 6 9 6
8 9 8 10
8 10 8 11
8 11 8 12
8 12 9 12
8 15 9 15
8 16 8 15
8 17 8 16
8 18 8 17
8 21 9 21
8 22 8 21
8 23 8 22
8 24 8 23
8 25 8 24
8 26 8 25

9 6 10 6
9 12 10 12
9 15 10 15
9 21 10 21

10 6 11 6
10 12 11 12
10 15 11 15
10 21 11 21

11 6 12 6
11 9 11 10
11 10 11 11
11 11 11 12
11 12 11 13
11 13 12 13
11 14 12 14
11 15 11 14
11 16 11 15
11 17 11 16
11 18 11 17
11 21 12 21


12 6 13 6
12 9 11 9
12 13 13 13
12 14 13 14
12 18 11 18
12 21 13 21

13 6 14 6
13 9 12 9
13 13 13 12
13 14 13 13
13 12 13 11
13 11 14 11
14 11 15 11
15 11 15 12
15 12 15 13 
15 13 15 14 
15 14 15 15
15 15 15 16
15 16 14 16
14 16 13 16
13 16 13 15
13 15 13 14
13 18 12 18
13 21 14 21

14 0 14 1
14 1 14 2
14 2 14 3
14 3 14 4
14 4 14 5
14 5 14 6
14 6 14 7
14 7 14 8
14 8 14 9
14 9 13 9
14 27 14 26
14 26 14 25
14 25 14 24
14 24 14 23
14 23 14 22
14 22 14 21
14 21 14 20
14 20 14 19
14 19 14 18
14 18 13 18

15 6 14 6
15 9 14 9
15 18 14 18
15 21 14 21

16 6 15 6
16 9 15 9
16 18 15 18
16 21 15 21

17 6 16 6
17 9 16 9
17 10 17 9
17 11 17 10
17 12 17 11
17 13 17 12
17 14 17 15
17 15 17 16
17 16 17 17
17 17 17 18
17 18 16 18
17 21 16 21

18 6 17 6
18 9 17 9
18 18 17 18
18 21 17 21

19 6 18 6
19 9 18 9
19 18 18 18
19 21 18 21

20 1 20 2 
20 2 20 3
20 3 20 4
20 4 20 5
20 5 20 6
20 6 20 7
20 7 20 8
20 8 20 9
20 9 19 9
20 10 20 9
20 11 20 10
20 12 20 11
20 15 20 16
20 16 20 17
20 17 20 18
20 18 19 18
20 19 20 18
20 20 20 19
20 21 20 20
20 22 20 21
20 23 20 22
20 24 20 23
20 25 20 24
20 26 20 25

21 1 20 1
21 6 20 6
21 12 20 12
21 15 20 15
21 21 20 21
21 26 20 26

22 1 21 1
22 6 21 6
22 12 21 12
22 15 21 15
22 21 21 21
22 26 21 26

23 1 22 1
23 2 23 1
23 3 23 2
23 6 22 6
23 7 23 6
23 8 23 7
23 9 23 10
23 10 23 11
23 11 23 12
23 12 22 12
23 13 23 12
23 14 23 15 
23 15 22 15
23 16 23 15
23 17 23 16
23 18 23 17
23 19 23 18
23 20 23 21
23 21 22 21
23 24 23 25
23 25 23 26
23 26 22 26

24 3 23 3
24 6 23 6
24 9 23 9
24 18 23 18
24 21 23 21
24 24 23 24

25 3 24 3
25 6 24 6
25 9 24 9
25 18 24 18
25 21 24 21
25 24 24 24

26 1 26 2
26 2 26 3
26 3 26 4
26 4 26 5
26 5 26 5
26 6 25 6
26 9 25 9
26 10 26 9
26 11 26 10
26 12 26 11
26 15 26 16
26 16 26 17
26 17 26 18
26 18 25 18
26 21 25 21
26 22 26 21
26 23 26 22
26 24 26 23
26 25 26 24
26 26 26 25

27 1 26 1
27 12 26 12
27 15 26 15
27 26 26 26

28 1 27 1
28 12 27 12
28 15 27 15
28 26 27 26

29 1 28 1
29 2 29 1
29 3 29 2
29 4 29 3
29 5 29 4
29 6 29 5
29 7 29 6
29 8 29 7
29 9 29 8
29 10 29 9
29 11 29 10
29 12 28 12
29 13 29 12
29 14 29 15
29 15 28 15
29 16 29 17
29 17 29 18
29 18 29 19
29 19 29 20
29 20 29 21
29 21 29 22
29 22 29 23
29 23 29 24
29 24 29 25
29 25 29 26
29 26 28 26
